Format:
Start -> Stop : StepSize/SampleSize : Max Key Value

100_000 -> 10_000_000 : 100_000/50 : 1_000_000

>> MIN DATA
36
36
36
36
36
36
36
36
36
36
36
36
36
36
36
36
36
36
36
36
36
36
36
36
36
36
36
36
36
36
36
36
36
36
36
36
36
36
36
36
36
36
36
36
36
36
36
36
36
36
36
36
36
36
36
36
36
36
36
36
36
36
36
36
36
36
36
36
36
36
36
36
36
36
36
36
36
36
36
36
36
36
36
36
36
36
36
36
36
36
36
36
36
36
36
36
36
36
36
36

>> MAX DATA
46
51
51
51
51
59
59
59
59
59
59
59
62
62
62
62
62
62
62
62
62
62
62
62
62
62
62
62
62
62
62
62
62
62
62
62
62
62
62
62
62
62
62
62
62
62
62
62
62
62
62
62
62
62
62
62
62
62
62
62
62
62
62
62
62
62
62
62
62
62
62
62
62
62
62
62
62
62
62
62
62
62
62
62
62
62
62
62
62
62
62
62
62
62
62
62
62
62
62
62

>> AVG DATA
40.24
42.86
44.58
45.84
46.36
46.74
46.9
47.8
48.32
47.84
48.92
48.4
49.14
49.6
49.14
49.52
49.1
49.42
49.26
49.58
49.24
49.56
49.78
50.14
49.3
49.56
49.6
50.58
49.88
50.04
49.96
49.96
50.18
49.74
49.72
50.24
49.84
50.26
50.38
50.1
49.9
49.54
49.98
49.88
49.92
49.96
50.4
50.38
50.06
49.76
49.52
49.64
49.98
50.5
49.96
50.74
50.4
50.52
49.9
49.96
49.38
49.68
49.8
50.6
50.24
49.9
49.78
50.3
49.62
50.46
50.34
50.08
49.78
50.6
50.56
50.3
49.58
50.12
50.22
49.82
50.26
50.04
50.38
50.58
50.08
50.56
50.3
49.7
50.22
50.16
49.88
50.26
50.02
50.24
50.32
50.5
50.46
50.64
50.02
50.34

100_000 -> 2_000_000 : 100_000/10 : 1_000_000
>> MIN DATA
37
43
42
42
44
43
45
45
47
44
45
45
46
47
47
46
48
47
47
46

>> MAX DATA
42
51
46
48
49
51
49
50
50
52
50
50
51
52
51
52
54
55
52
52

>> AVG DATA
40.2
44.8
44.4
45.0
47.0
47.6
46.5
46.8
48.6
47.8
47.6
47.4
48.4
48.4
48.8
48.0
50.0
50.2
49.6
50.0

100_000 -> 2_000_000 : 100_000/100 : 500_000
>> MIN DATA
36
39
39
41
41
41
41
41
42
42
42
43
43
44
43
43
42
43
43
43

>> MAX DATA
49
49
51
51
51
52
55
56
53
54
53
54
54
56
53
56
54
54
52
52

>> AVG DATA
40.45
42.73
43.92
44.96
45.35
45.62
46.13
46.45
46.74
46.88
47.09
46.75
46.77
46.96
46.87
47.64
47.17
47.25
47.09
46.92